EPSG:4326
-9.0918202153 38.7824783811 3.692 2666.25 526.5 DJI_0051.JPG 3
-9.0918202153 38.7824783811 3.692 2510.75 2814.5 DJI_0054.JPG 3
-9.0931654795 38.782165566 2.984 4215.25 1893.75 DJI_0040.JPG 1
-9.0925361818 38.782284083 7.077 3807.25 1404.5 DJI_0035.JPG 0
-9.0925361818 38.782284083 7.077 2466.0 1217.5 DJI_0004.JPG 0
-9.0931654795 38.782165566 2.984 4295.75 1156.25 DJI_0039.JPG 1
-9.0925361818 38.782284083 7.077 2778.0 1512.5 DJI_0007.JPG 0
-9.0925361818 38.782284083 7.077 2754.0 1428.5 DJI_0006.JPG 0
-9.0931654795 38.782165566 2.984 3929.25 2514.25 DJI_0072.JPG 1
